"DOB" "NKID" "DEP" "PHON" "SINC" "AES" "DAINC" "RES" "DHVAL" "DMORT" "DOUTM" "DOUTL" "DOUTHP" "DOUTCC" "BAD"
"1" 19 4 0 1 0 "R" 0 "O" 14464 4 0 0 0 0 0
"2" 41 2 0 1 0 "P" 36000 "O" 0 0 280 664 0 80 0
"4" 51 2 0 1 0 "P" 464 "O" 24928 8464 584 320 0 60 0
"5" 65 0 0 1 0 "P" 15000 "P" 0 0 0 0 0 0 0
"6" 42 2 0 1 10500 "E" 48000 "O" 43392 46464 1120 0 0 0 0
"8" 43 1 0 1 13500 "E" 9000 "O" 63392 54464 0 200 0 0 0
"9" 52 0 0 1 0 "E" 22500 "P" 0 0 0 200 0 80 0
"10" 65 0 0 1 0 "P" 19500 "O" 26464 4464 540 0 0 0 0
"11" 48 2 0 1 0 "E" 30000 "O" 38464 23664 600 0 524 0 0
"12" 55 0 0 1 8000 "V" 21000 "O" 14464 64000 376 0 0 0 0
"13" 44 0 0 1 0 "P" 24000 "O" 54464 0 384 0 0 0 0
"14" 53 1 0 1 10000 "V" 28170 "O" 8928 28000 404 0 0 0 0
"15" 54 2 0 1 2100 "N" 48000 "O" 50464 28464 600 0 0 88 0
"16" 62 0 0 1 0 "P" 18009 "F" 0 0 280 0 0 0 0
"17" 46 1 0 1 2500 "P" 33000 "O" 3392 54000 0 240 480 0 0
"18" 19 0 0 1 104 "R" 24000 "O" 52928 4 0 0 0 0 0
"19" 62 0 0 1 8970 "B" 18474 "O" 57464 28008 748 0 0 140 0
"21" 31 0 0 1 20000 "U" 0 "O" 0 0 0 0 0 0 1
"22" 33 0 0 1 3600 "P" 9360 "U" 0 0 152 512 0 0 1
"23" 38 2 0 1 5000 "V" 18464 "O" 13568 28928 0 2000 0 600 0
"24" 31 2 1 1 0 "P" 33464 "F" 0 0 2800 0 0 800 0
"25" 55 1 1 1 0 "P" 27000 "O" 16928 14464 580 0 0 0 0
"26" 31 2 0 0 0 "P" 3928 "F" 0 0 852 0 0 0 0
"28" 29 0 0 1 1000 "P" 60000 "O" 3392 4 0 0 0 0 0
"30" 42 3 0 1 1000 "V" 26637 "O" 54464 4 0 0 276 0 0
"31" 45 4 0 1 10400 "V" 6600 "O" 48928 54000 352 124 0 0 0
"33" 28 0 0 1 0 "V" 17100 "F" 0 0 0 100 0 0 0
"34" 63 0 0 1 0 "B" 26400 "P" 0 0 320 316 0 0 0
"35" 59 1 0 1 2000 "P" 48000 "O" 36928 50464 776 276 0 0 0
"37" 44 2 0 1 0 "V" 42000 "O" 28928 22000 108 56 0 0 0
"39" 66 0 0 1 0 "P" 15000 "P" 0 0 0 0 0 0 1
"40" 45 0 0 1 30000 "W" 0 "O" 21248 14464 0 0 0 0 0
"41" 68 0 0 1 0 "T" 6189 "P" 0 0 0 0 0 0 0
"42" 54 2 0 1 0 "P" 55068 "O" 43392 4 0 0 0 0 0
"43" 45 4 0 1 0 "E" 42000 "O" 28928 34464 988 0 0 0 0
"45" 58 0 0 1 0 "P" 40500 "O" 26464 64000 520 0 0 0 0
"46" 66 0 0 1 0 "P" 21750 "P" 0 0 0 0 0 60 1
"50" 45 4 0 1 20000 "W" 0 "F" 0 0 0 0 0 0 0
"51" 31 0 0 1 0 "V" 34170 "O" 0 0 0 0 0 0 1
"52" 54 0 0 1 0 "P" 23646 "O" 4928 4 0 380 0 32 0
"53" 57 0 0 1 0 "P" 18765 "N" 0 0 0 0 0 0 0
"54" 28 0 0 1 0 "R" 0 "U" 0 0 432 0 0 0 0
"55" 57 3 0 1 2928 "E" 8784 "U" 0 0 400 0 0 0 0
"57" 68 0 0 0 0 "T" 13800 "P" 0 0 400 0 0 0 1
"59" 19 0 0 1 0 "R" 12000 "O" 30464 4 0 0 0 0 0
"60" 57 0 0 1 0 "P" 52500 "P" 0 0 0 0 0 0 0
"63" 46 2 0 1 1960 "P" 39750 "O" 12464 29200 304 80 0 80 0
"64" 59 0 0 1 7195 "V" 19728 "O" 40464 56000 292 0 0 0 0
"65" 60 0 0 1 0 "P" 22200 "P" 0 0 0 0 0 0 0
"67" 66 0 0 1 0 "P" 16500 "P" 0 0 0 0 0 0 0
"68" 60 1 0 1 0 "P" 36012 "O" 62464 40464 1000 0 0 0 0
"69" 59 1 0 1 0 "V" 36000 "O" 58464 26464 1160 640 0 0 0
"71" 49 0 0 1 0 "P" 43800 "O" 12928 22464 760 240 0 100 0
"72" 61 0 0 0 0 "M" 30510 "F" 0 0 384 0 0 0 0
"73" 52 0 0 1 2000 "E" 60000 "O" 63392 43392 2280 0 0 0 0
"74" 50 2 0 1 0 "V" 59931 "O" 11392 54464 880 576 0 64 0
"75" 67 0 0 1 0 "T" 0 "P" 0 0 0 0 0 0 0
"76" 61 0 0 0 0 "M" 30300 "F" 0 0 0 0 80 60 0
"77" 61 0 0 1 0 "V" 21474 "U" 0 0 0 0 0 640 0
"78" 37 0 0 1 7500 "P" 3000 "O" 8928 4 0 0 0 20 0
"79" 64 0 0 1 0 "P" 18000 "F" 0 0 480 0 0 0 0
"80" 15 0 0 1 0 "R" 15300 "O" 42464 0 0 0 0 0 0
"82" 68 0 0 1 0 "T" 5862 "U" 0 0 160 0 0 0 0
"83" 56 3 0 1 9000 "P" 15000 "U" 0 0 448 0 0 0 0
"86" 57 0 0 1 0 "E" 7800 "F" 0 0 0 0 0 0 1
"87" 52 2 1 1 0 "P" 45000 "O" 54464 14464 684 0 0 0 0
"91" 39 3 0 1 3600 "P" 36000 "O" 8928 0 380 152 0 32 0
"92" 63 0 0 1 0 "P" 33000 "U" 0 0 356 424 0 200 0
"95" 35 0 0 1 0 "V" 23100 "U" 0 0 340 0 0 100 0
"97" 33 1 0 1 1750 "V" 24464 "O" 57856 36000 600 0 0 80 0
"98" 49 1 0 1 3500 "P" 34200 "O" 62464 41664 752 0 64 160 0
"99" 53 2 0 1 0 "E" 39464 "O" 6784 28928 2000 0 0 0 0
"100" 55 0 0 1 0 "P" 40500 "O" 23392 48464 1040 0 0 0 1
"101" 57 0 0 1 0 "V" 28500 "O" 4928 14052 672 436 0 128 0
"103" 62 0 0 1 0 "P" 20907 "F" 0 0 400 0 0 0 0
"104" 36 3 0 1 0 "V" 57000 "O" 23392 24000 340 0 0 0 0
"106" 43 2 0 1 1500 "P" 42000 "O" 48928 48000 440 140 0 0 0
"107" 21 0 0 1 0 "R" 24000 "O" 43392 4 0 0 0 0 0
"108" 66 0 0 1 0 "P" 2961 "F" 0 0 300 0 0 80 0
"109" 68 0 0 1 0 "P" 14625 "P" 0 0 160 272 0 0 0
"110" 25 2 0 1 0 "P" 18928 "O" 10176 2464 1520 0 0 0 0
"111" 58 0 0 1 0 "P" 18000 "P" 0 0 400 0 0 0 0
"115" 47 2 0 1 2500 "E" 24000 "O" 64464 52000 520 0 0 0 0
"116" 58 2 0 1 1500 "E" 24000 "O" 23392 10464 676 0 0 0 0
"117" 52 2 0 1 2500 "V" 32403 "O" 4928 8464 536 104 0 100 0
"119" 66 0 0 1 0 "P" 18000 "O" 64000 0 416 192 0 0 0
"120" 39 0 0 1 0 "V" 0 "U" 0 0 416 0 0 0 0
"121" 17 0 0 1 0 "R" 16200 "F" 0 0 160 0 0 0 0
"122" 60 0 0 0 0 "V" 24300 "O" 62000 60000 440 156 0 0 0
"123" 65 0 0 1 0 "E" 45000 "P" 0 0 200 0 0 0 0
"125" 26 0 0 1 0 "E" 9464 "O" 17856 0 0 0 0 0 0
"126" 48 3 0 1 0 "P" 41400 "O" 6464 36000 352 320 0 0 0
"127" 45 2 0 1 6250 "V" 41256 "O" 60928 56464 1292 0 0 0 0
"129" 62 1 0 1 0 "E" 33000 "O" 14464 4 0 0 0 0 1
"130" 42 2 0 1 6000 "P" 27000 "O" 63392 20000 460 0 0 0 1
"131" 48 2 0 1 1800 "V" 51000 "O" 43392 14464 800 0 0 0 0
"134" 63 0 0 1 0 "E" 24000 "P" 0 0 0 428 0 0 0
"136" 61 0 0 0 0 "P" 16500 "F" 0 0 400 80 0 0 1
"137" 59 0 0 1 0 "V" 30000 "P" 0 0 0 0 0 0 0
"138" 61 0 0 1 0 "P" 37500 "P" 0 0 0 0 0 0 0
"141" 59 0 0 1 6000 "B" 30900 "O" 62464 0 0 1400 0 0 0
"142" 64 0 0 1 0 "P" 18300 "P" 0 0 0 0 0 0 0
"144" 61 0 0 1 0 "P" 33000 "P" 0 0 100 500 0 0 0
"145" 13 0 0 1 0 "R" 45000 "O" 6784 4 0 0 0 400 0
"146" 29 1 0 1 0 "E" 36000 "O" 23392 38464 1048 0 0 0 1
"147" 55 2 0 1 0 "E" 48928 "O" 41248 48928 1960 0 0 0 1
"150" 65 0 0 1 0 "P" 15000 "P" 0 0 0 0 0 0 1
"151" 26 0 0 1 0 "P" 15600 "O" 18464 28000 240 0 0 0 1
"152" 47 0 0 1 0 "P" 22500 "O" 23392 30464 888 0 0 0 1
"153" 40 1 0 1 14500 "V" 57000 "O" 12320 12464 680 0 0 80 0
"155" 63 0 0 1 5200 "P" 11700 "O" 22464 0 540 264 100 160 1
"156" 26 0 0 1 0 "R" 17400 "O" 22464 4 0 0 464 0 0
"157" 37 1 0 1 0 "V" 51000 "O" 36928 8864 712 0 0 0 1
"159" 64 0 0 1 0 "V" 18252 "P" 0 0 0 0 0 0 0
"160" 64 0 0 1 0 "P" 12000 "P" 0 0 0 0 0 0 0
"161" 56 1 0 1 8050 "V" 43500 "O" 8928 62464 1168 0 56 0 0
"162" 56 0 0 1 11300 "P" 24000 "O" 48928 58464 880 304 0 0 0
"163" 42 1 2 1 5040 "P" 27000 "O" 4928 54464 772 0 0 0 0
"164" 64 0 0 1 0 "P" 27000 "P" 0 0 400 472 0 0 0
"165" 31 2 0 1 0 "P" 31500 "O" 63392 50000 728 0 0 0 0
"166" 61 1 0 1 0 "P" 31671 "O" 12928 928 540 316 0 120 1
"167" 47 2 0 1 0 "P" 18000 "U" 0 0 400 0 0 0 0
"168" 56 0 0 1 0 "P" 17700 "F" 0 0 400 0 0 0 0
"170" 58 0 0 1 0 "P" 18000 "O" 0 0 400 0 0 0 0
"172" 51 2 0 1 0 "P" 33000 "O" 46464 60000 428 132 504 0 0
"175" 67 0 0 1 0 "T" 10500 "P" 0 0 288 0 0 0 0
"176" 29 0 0 0 0 "E" 0 "O" 0 0 0 0 0 0 0
"177" 64 0 0 0 0 "P" 16500 "O" 26464 26464 668 96 160 0 0
"178" 52 2 0 1 0 "P" 25500 "O" 38464 0 768 0 0 0 0
"180" 62 0 0 1 8000 "P" 24000 "O" 26464 0 680 0 0 0 0
"181" 67 0 0 1 0 "T" 6000 "P" 0 0 0 0 0 0 0
"184" 67 0 0 1 0 "T" 0 "P" 0 0 0 0 0 0 0
"185" 38 0 2 1 0 "R" 10947 "U" 0 0 0 0 0 28 0
"186" 51 1 0 1 2000 "P" 36000 "O" 20928 34464 720 200 0 0 0
"187" 55 3 0 1 0 "P" 24000 "O" 50464 30464 880 0 0 0 0
"189" 52 3 0 1 0 "P" 19500 "O" 60000 4 0 0 0 0 0
"190" 65 0 0 1 0 "P" 10476 "P" 0 0 240 0 80 0 1
"192" 19 0 0 1 1209 "R" 19761 "U" 0 0 340 52 0 0 0
"193" 43 1 0 1 0 "P" 27000 "U" 0 0 360 0 0 0 0
"194" 53 2 0 1 0 "V" 39132 "O" 60928 14464 760 0 0 0 0
"195" 64 0 0 1 0 "P" 9600 "P" 0 0 224 0 0 0 0
"197" 66 0 0 1 0 "T" 5700 "P" 0 0 356 0 0 0 0
"198" 41 0 0 1 8000 "P" 36000 "O" 11392 6588 184 0 0 0 0
"200" 51 0 0 1 0 "V" 9600 "U" 0 0 256 0 0 0 0
"201" 37 3 0 1 22500 "P" 1964 "O" 21248 4 0 1600 0 2400 0
"203" 27 0 0 1 0 "R" 18000 "O" 0 0 0 0 0 0 0
"205" 28 0 0 1 5200 "E" 0 "O" 43392 4 0 0 0 0 0
"206" 51 1 0 0 0 "P" 54000 "O" 3392 22928 1580 0 0 0 0
"207" 48 2 0 1 4200 "P" 54000 "O" 43392 56000 0 0 1600 0 0
"209" 29 0 0 1 0 "V" 60000 "O" 0 0 0 0 0 0 0
"210" 48 2 0 1 5500 "P" 3000 "U" 0 0 0 0 0 0 1
"211" 48 3 0 1 3000 "P" 22500 "F" 0 0 408 240 0 0 0
"213" 62 1 0 1 2356 "V" 27000 "U" 0 0 500 100 340 60 0
"214" 64 0 0 1 0 "V" 17250 "F" 0 0 336 0 0 0 0
"215" 50 0 0 1 9473 "V" 36000 "O" 60928 32464 720 0 0 0 0
"217" 66 0 0 1 0 "P" 14625 "P" 0 0 240 92 160 0 0
"219" 55 2 0 1 0 "P" 60000 "O" 8928 26464 800 0 356 0 0
"221" 38 0 0 1 0 "V" 32769 "O" 2464 0 0 160 0 0 0
"222" 33 0 0 0 0 "E" 9464 "O" 10176 4 0 0 0 0 0
"225" 41 3 0 1 1976 "P" 17940 "U" 0 0 496 124 0 0 0
"226" 42 1 0 1 0 "V" 17100 "U" 0 0 352 432 0 80 0
"228" 31 0 0 1 0 "P" 18750 "U" 0 0 0 212 0 0 0
"229" 58 0 0 1 0 "V" 15300 "F" 0 0 480 0 0 0 0
"230" 58 0 0 1 0 "P" 33600 "P" 0 0 0 0 0 120 0
"231" 39 0 0 1 0 "W" 0 "O" 46464 26464 0 0 0 0 1
"232" 40 0 0 1 0 "P" 48000 "O" 52320 28928 0 400 0 0 0
"234" 40 1 0 1 6000 "E" 45000 "O" 11392 56000 408 216 0 200 0
"235" 38 2 0 1 0 "B" 54000 "O" 4928 28000 324 640 0 240 1
"236" 12 0 0 1 0 "R" 0 "U" 0 0 276 0 0 0 0
"237" 64 0 0 1 0 "P" 19500 "P" 0 0 400 344 0 0 0
"239" 52 2 0 1 0 "E" 22500 "O" 34464 4 0 0 0 80 0
"241" 67 0 0 1 0 "T" 5580 "F" 0 0 272 0 0 0 0
"242" 58 0 0 1 0 "P" 24464 "U" 0 0 0 0 0 0 0
"243" 67 0 0 1 0 "P" 12900 "P" 0 0 240 0 0 0 0
"244" 56 0 0 1 0 "P" 24000 "O" 64000 0 400 0 0 120 1
"247" 68 0 0 1 0 "T" 5703 "F" 0 0 400 0 0 0 0
"248" 66 0 0 1 0 "T" 6600 "P" 0 0 400 0 0 0 0
"249" 64 0 0 1 0 "P" 17739 "F" 0 0 320 0 0 0 0
"251" 59 0 0 1 0 "P" 36000 "O" 52928 24928 1684 228 208 0 1
"252" 57 0 0 1 8200 "P" 54000 "O" 8320 5856 2400 580 0 0 0
"253" 52 4 0 1 0 "P" 48000 "O" 57856 28928 1296 280 0 200 0
"255" 52 1 0 1 11500 "W" 0 "O" 15392 60000 388 0 0 0 0
"256" 64 0 0 0 7800 "V" 19800 "O" 30464 26464 0 0 0 0 0
"257" 45 1 1 1 0 "E" 18000 "U" 0 0 392 0 0 0 0
"259" 46 2 0 1 0 "E" 45000 "O" 28928 1928 1400 920 0 0 0
"260" 68 0 0 1 0 "P" 8100 "P" 0 0 0 0 0 0 0
"261" 61 0 0 0 9100 "P" 38100 "O" 49464 48464 600 0 0 120 0
"262" 27 0 0 1 3321 "P" 45000 "O" 9856 28000 320 608 100 0 1
"263" 63 1 0 1 12000 "E" 3000 "O" 6464 48000 440 0 208 0 0
"264" 63 0 0 1 0 "P" 12000 "P" 0 0 0 0 0 0 0
"266" 66 0 0 1 0 "P" 16500 "F" 0 0 340 0 0 0 0
"267" 40 0 0 0 0 "B" 60000 "O" 37856 34464 0 0 0 0 0
"268" 35 2 0 1 0 "P" 19500 "O" 48928 4800 0 0 0 0 0
"269" 59 0 0 1 0 "V" 15300 "N" 0 0 400 0 0 40 1
"270" 60 0 0 1 0 "P" 41700 "F" 0 0 440 600 0 400 0
"271" 37 0 0 1 15000 "W" 0 "O" 3392 4 0 0 0 0 0
"273" 44 2 1 1 3000 "P" 18000 "O" 54464 56000 432 0 0 60 0
"275" 64 1 0 1 0 "P" 15000 "O" 57856 35392 0 0 0 0 0
"276" 14 0 0 1 0 "R" 9900 "O" 54464 4 0 0 0 0 0
"278" 59 0 0 1 0 "P" 45000 "O" 30464 2464 508 0 40 0 1
"280" 58 0 0 1 3600 "P" 17493 "U" 48928 0 0 0 0 0 0
"281" 55 0 0 1 0 "P" 18000 "U" 0 0 0 1000 0 0 0
"284" 63 0 0 0 0 "T" 0 "F" 0 0 0 0 0 0 0
"285" 63 0 0 1 0 "T" 5538 "F" 0 0 436 0 0 0 0
"286" 48 0 0 1 0 "V" 29739 "N" 0 0 0 1048 0 0 0
"287" 41 0 0 1 12000 "P" 18000 "O" 18464 40000 116 1128 0 0 0
"288" 65 0 0 1 0 "P" 13065 "P" 0 0 240 0 0 0 0
"290" 49 4 0 1 0 "V" 25484 "O" 3392 8928 648 0 0 0 0
"292" 57 1 0 1 0 "E" 54000 "O" 63392 8928 840 0 0 0 0
"294" 64 0 0 0 0 "T" 5862 "F" 0 0 44 0 0 0 0
"295" 48 2 0 1 5000 "P" 60000 "O" 39104 4 0 0 0 0 0
"297" 52 0 0 1 0 "E" 0 "O" 0 0 1160 0 0 0 1
"299" 18 0 0 1 0 "R" 0 "F" 0 0 0 0 0 0 1
"300" 58 2 0 1 3750 "E" 24464 "U" 0 0 480 0 0 200 0
"301" 62 0 0 1 0 "V" 0 "P" 0 0 0 0 0 0 1
"304" 67 0 0 1 0 "T" 0 "P" 56928 0 0 0 0 0 0
"306" 39 1 0 1 10000 "P" 52500 "O" 57856 60000 680 400 0 0 0
"307" 69 0 0 1 0 "V" 9000 "P" 0 0 0 0 0 0 1
"308" 67 0 0 1 0 "T" 7200 "F" 0 0 380 0 0 0 0
"310" 54 2 0 1 3300 "V" 42000 "O" 8928 50464 848 0 0 80 0
"311" 66 0 0 1 0 "V" 19500 "N" 0 0 0 0 0 0 0
"312" 45 0 0 0 0 "P" 22800 "U" 0 0 600 0 0 0 0
"313" 36 0 0 1 0 "V" 15600 "U" 0 0 352 0 0 0 0
"314" 8 0 0 1 10313 "R" 36855 "O" 48928 4 0 0 0 0 0
"316" 63 0 0 1 10000 "P" 17160 "O" 46464 46464 820 120 0 0 0
"317" 48 1 2 1 8512 "P" 26802 "U" 0 0 440 0 0 0 1
"318" 57 0 0 1 0 "P" 21000 "U" 0 0 60 400 0 100 0
"319" 49 2 0 1 0 "V" 46917 "O" 63392 34464 816 0 0 0 0
"322" 44 1 0 1 16000 "V" 9696 "O" 28928 56000 0 0 0 0 0
"323" 56 0 0 1 0 "P" 18600 "N" 0 0 0 0 0 120 0
"324" 44 2 0 1 1600 "E" 30000 "N" 0 0 200 360 160 0 0
"327" 64 0 0 1 0 "V" 36000 "P" 0 0 0 0 0 0 0
"328" 54 1 0 1 0 "P" 36000 "O" 62464 62464 680 100 0 0 0
"329" 62 0 0 0 0 "P" 25500 "U" 0 0 340 132 0 0 0
"330" 37 0 0 1 16600 "V" 16497 "O" 54464 4 0 0 0 0 0
"331" 37 2 1 1 0 "M" 12464 "F" 0 0 480 0 0 1000 0
"332" 65 0 0 1 0 "V" 21000 "P" 0 0 0 0 0 0 0
"334" 24 0 0 1 550 "R" 46500 "O" 23392 4 0 0 0 0 0
"336" 46 2 0 1 0 "P" 6464 "O" 3392 46000 400 0 0 0 0
"337" 64 0 0 0 0 "P" 36000 "F" 0 0 800 400 0 0 0
"338" 34 0 0 1 5500 "P" 16500 "O" 8928 0 0 0 0 0 0
"340" 38 1 1 1 0 "P" 25587 "U" 0 0 312 0 0 0 1
"341" 47 0 0 1 3000 "P" 16500 "U" 0 0 0 192 40 0 1
"342" 69 0 0 1 0 "M" 15000 "F" 0 0 0 0 0 0 1
"343" 25 0 0 1 0 "P" 31500 "O" 58464 0 0 0 0 0 1
"344" 62 0 0 1 0 "V" 24327 "O" 22464 8896 592 0 0 0 0
"345" 65 0 0 1 0 "T" 5325 "F" 0 0 600 0 0 0 0
"346" 30 0 0 1 40000 "R" 0 "O" 0 0 0 0 0 0 0
"347" 48 0 0 1 0 "P" 20220 "O" 26464 34000 0 668 0 0 1
"348" 46 0 0 1 0 "P" 30000 "O" 48000 12000 160 320 0 0 0
"349" 66 0 0 1 0 "P" 16200 "P" 0 0 0 228 0 0 0
"350" 68 0 0 1 0 "T" 6900 "P" 0 0 0 0 0 0 0
"351" 61 0 0 1 13000 "P" 0 "O" 28928 4 0 0 0 0 1
"353" 64 0 0 0 0 "P" 19500 "U" 0 0 240 208 80 0 0
"355" 38 0 0 0 0 "P" 0 "N" 6784 0 0 0 0 0 0
"356" 32 1 0 1 3000 "P" 18464 "O" 27392 52000 376 580 0 160 0
"357" 67 0 0 1 0 "T" 0 "P" 0 0 0 0 0 0 0
"358" 58 0 0 1 0 "P" 34956 "O" 22464 64000 428 320 0 240 0
"359" 60 0 0 1 0 "B" 34500 "F" 0 0 560 0 0 0 0
"361" 38 0 0 1 0 "P" 36000 "O" 63392 30464 680 948 0 0 0
"363" 30 1 0 0 0 "P" 34500 "U" 0 0 0 472 0 0 1
"365" 32 1 0 1 0 "R" 0 "F" 0 0 0 0 0 0 1
"366" 57 0 0 1 0 "V" 40500 "O" 34464 8464 600 200 0 200 0
"367" 21 1 0 0 0 "R" 0 "U" 0 0 0 0 0 0 1
"368" 59 1 0 1 0 "B" 17700 "U" 0 0 320 0 0 32 0
"369" 21 0 0 1 0 "R" 0 "O" 62464 4 0 0 0 0 0
"370" 62 0 0 1 0 "P" 24600 "O" 46464 14464 624 0 224 0 0
"372" 47 2 0 1 0 "B" 21000 "O" 36928 52000 376 0 0 0 1
"373" 63 0 0 1 5500 "V" 30000 "U" 0 0 0 300 80 80 0
"374" 48 0 0 0 2000 "P" 24000 "O" 24928 59796 504 0 0 0 0
"375" 33 0 0 1 0 "R" 30000 "O" 8928 4 0 0 0 0 0
"376" 48 1 0 1 0 "P" 6464 "O" 56928 8928 1480 1000 728 100 0
"377" 48 2 0 1 9500 "P" 9464 "O" 63392 54464 1400 0 0 0 0
"378" 46 0 0 1 10800 "P" 20250 "U" 0 0 0 0 0 0 1
"379" 42 0 0 1 0 "V" 34947 "O" 62464 0 600 100 48 0 1
"380" 55 1 0 0 0 "P" 12464 "N" 0 0 0 0 0 0 0
"381" 50 0 0 1 4000 "E" 15000 "O" 48928 64000 1000 0 0 0 1
"383" 68 0 0 1 0 "P" 9000 "P" 0 0 0 0 0 0 0
"384" 26 0 0 1 0 "E" 15928 "O" 37856 4 0 0 0 0 0
"385" 38 3 0 1 0 "P" 36000 "O" 54464 26000 320 0 0 0 0
"386" 45 0 0 1 4000 "E" 30000 "U" 0 0 476 400 0 0 0
"390" 36 2 0 1 0 "V" 0 "O" 30464 7200 224 0 0 0 1
"391" 65 1 0 0 6858 "W" 0 "F" 0 0 352 0 0 80 1
"395" 58 0 0 1 0 "V" 25653 "P" 0 0 0 220 0 0 0
"396" 63 0 0 1 0 "V" 20400 "P" 0 0 200 0 0 300 0
"398" 44 2 0 1 15000 "P" 9000 "O" 53392 30464 680 0 0 0 1
"399" 50 2 0 1 2671 "V" 31260 "O" 48928 2464 496 0 0 0 0
"401" 62 1 0 1 1440 "P" 21000 "U" 0 0 444 76 116 0 0
"402" 51 2 0 1 0 "P" 15180 "P" 0 0 0 0 0 0 0
"403" 59 0 0 1 0 "V" 22200 "F" 0 0 0 0 0 0 0
"404" 68 0 0 1 0 "T" 0 "N" 0 0 132 0 0 0 0
"405" 65 0 0 1 0 "P" 15000 "P" 0 0 0 0 0 0 0
"408" 16 0 0 1 0 "R" 0 "O" 0 0 0 0 0 0 0
"409" 32 0 0 1 6000 "P" 30000 "O" 27392 10000 100 720 0 200 0
"412" 25 0 0 1 0 "R" 0 "O" 54464 4 0 0 0 0 0
"413" 62 0 0 1 0 "P" 26520 "P" 0 0 0 0 72 0 0
"414" 65 0 0 0 0 "V" 9276 "N" 0 0 96 0 0 0 0
"415" 16 0 0 1 0 "R" 0 "O" 2928 4 0 0 0 0 1
"416" 66 0 0 0 0 "P" 26571 "N" 0 0 0 0 0 0 1
"417" 48 2 0 1 0 "P" 9464 "O" 17856 2464 0 0 0 0 0
"418" 33 2 0 1 1500 "B" 464 "O" 3392 56000 448 400 0 0 0
"419" 49 0 0 0 0 "P" 16500 "P" 0 0 0 0 0 0 1
"420" 63 0 0 1 0 "P" 24000 "O" 10464 0 740 0 0 0 0
"421" 62 0 0 0 4700 "P" 15000 "O" 48000 0 320 328 0 0 0
"422" 57 1 0 1 0 "W" 0 "O" 0 0 0 0 0 0 0
"423" 60 0 0 1 0 "P" 13284 "N" 0 0 0 188 0 0 0
"424" 19 0 0 1 0 "R" 6846 "N" 0 0 0 0 0 0 1
"425" 33 0 0 1 9000 "P" 13434 "O" 42464 56000 240 0 0 80 0
"426" 44 1 0 1 0 "P" 15000 "O" 43392 4 0 0 0 0 0
"427" 59 1 1 0 0 "P" 35460 "O" 12928 62464 900 0 0 44 1
"428" 57 0 0 1 0 "M" 33000 "P" 0 0 520 0 0 0 0
"430" 65 0 0 1 0 "P" 21000 "P" 0 0 0 800 0 0 0
"431" 51 2 0 1 0 "P" 21000 "O" 50464 0 0 0 0 40 0
"432" 50 2 0 1 7518 "P" 27000 "O" 54464 54800 384 0 160 0 0
"433" 47 2 0 1 0 "P" 33000 "O" 18464 32000 276 0 316 292 0
"434" 34 1 0 0 0 "V" 24900 "O" 63392 4 0 280 0 0 0
"436" 30 0 0 1 0 "E" 9464 "O" 0 0 0 0 0 0 1
"440" 54 0 0 1 6700 "P" 46500 "O" 58464 2464 480 0 0 0 0
"441" 48 2 1 1 0 "W" 0 "O" 35392 4928 0 0 0 0 1
"442" 43 1 0 1 0 "W" 0 "O" 10176 0 0 0 0 0 0
"443" 60 0 0 1 0 "V" 15390 "P" 0 0 0 0 0 0 0
"445" 24 0 0 1 0 "E" 30000 "O" 44928 0 0 0 0 0 1
"446" 56 0 0 1 0 "P" 21000 "U" 0 0 160 228 0 0 0
"447" 67 0 0 1 0 "T" 0 "P" 0 0 0 0 0 0 0
"448" 61 0 0 1 0 "T" 0 "P" 0 0 0 0 0 0 0
"449" 55 0 0 1 17446 "W" 0 "F" 0 0 0 0 0 0 0
"450" 63 0 0 0 0 "U" 0 "F" 0 0 0 0 0 0 1
"452" 56 1 0 1 0 "P" 33000 "U" 0 0 120 280 0 0 0
"453" 68 0 0 1 0 "V" 17739 "P" 0 0 0 0 0 0 0
"454" 32 0 1 1 2152 "B" 36969 "F" 0 0 464 184 0 0 0
"455" 50 0 0 1 7000 "V" 36000 "O" 3392 40000 400 0 0 0 0
"456" 63 0 0 1 6000 "M" 24600 "O" 34464 0 608 460 0 0 0
"457" 53 1 0 1 0 "P" 21135 "U" 0 0 200 0 0 0 0
"458" 47 0 0 1 19500 "P" 13500 "O" 27392 16928 0 0 0 280 0
"459" 54 2 0 1 6984 "P" 22500 "O" 46464 2464 492 180 80 160 0
"461" 46 1 0 1 0 "V" 9768 "P" 0 0 0 0 0 120 0
"462" 61 0 0 1 6420 "P" 19200 "N" 0 0 0 392 0 0 1
"463" 52 2 0 1 0 "V" 12048 "O" 18928 7696 92 248 0 0 0
"464" 23 0 0 1 0 "P" 22500 "O" 34464 4 0 0 0 0 0
"465" 67 0 0 1 0 "T" 0 "N" 0 0 0 0 0 0 0
"466" 61 0 0 1 2400 "P" 21900 "O" 8464 8464 532 0 0 0 0
"468" 62 1 0 1 9000 "P" 42000 "O" 54464 0 800 0 0 0 0
"469" 56 1 0 1 14226 "V" 28797 "O" 4928 46464 776 0 0 0 0
"470" 61 0 0 1 13000 "V" 42000 "O" 54464 34464 720 0 80 0 0
"471" 51 0 0 1 2230 "E" 24464 "P" 28928 0 0 0 928 0 0
"472" 59 0 0 1 2000 "E" 24000 "U" 0 0 160 0 0 0 0
"473" 66 0 0 1 0 "P" 28800 "P" 0 0 0 0 0 240 0
"476" 65 0 0 1 0 "P" 21000 "P" 0 0 320 0 0 40 0
"481" 42 0 0 1 10000 "P" 34800 "O" 46464 20000 540 0 0 200 0
"482" 43 0 0 1 0 "P" 15858 "N" 0 0 0 0 0 96 0
"483" 29 0 0 1 13000 "V" 12000 "O" 23392 16000 0 0 0 0 0
"484" 11 0 0 1 0 "R" 15000 "O" 28464 4 0 0 0 0 1
"485" 61 1 0 1 0 "E" 0 "P" 0 0 0 0 0 0 1
"486" 67 0 0 1 0 "P" 7290 "P" 0 0 0 0 0 0 0
"488" 67 0 0 1 0 "P" 19911 "P" 0 0 0 276 0 0 0
"490" 35 0 0 1 0 "P" 28152 "O" 62464 36000 360 224 240 20 0
"491" 64 0 0 1 0 "P" 24192 "O" 34464 0 684 0 204 0 1
"495" 32 0 0 1 0 "Z" 0 "U" 0 0 0 0 400 0 0
"497" 36 0 0 1 0 "W" 0 "O" 17856 4 0 0 0 0 1
"498" 16 0 0 0 0 "R" 0 "N" 0 0 0 0 0 0 1
"499" 40 2 0 1 0 "E" 30000 "O" 0 0 0 0 0 0 0
"502" 63 0 0 1 0 "P" 23700 "P" 0 0 0 320 0 200 0
"504" 24 2 0 1 0 "V" 3884 "O" 37856 4 0 0 0 0 0
"505" 48 1 1 1 2000 "V" 45900 "O" 36928 22464 800 0 0 0 0
"506" 10 0 0 1 0 "R" 20250 "O" 17856 4 0 0 0 0 1
"507" 28 0 0 1 0 "P" 27000 "O" 23392 0 0 0 0 320 0
"508" 46 3 0 1 0 "P" 30464 "O" 36928 34464 852 560 52 0 0
"509" 22 0 0 1 5000 "R" 9000 "O" 8928 0 0 0 0 0 1
"512" 63 0 0 1 0 "P" 24000 "P" 0 0 0 0 0 0 0
"513" 15 0 0 1 0 "R" 15000 "O" 48928 4 0 0 0 0 0
"514" 63 0 0 1 0 "P" 30000 "P" 0 0 0 580 0 0 0
"516" 43 0 0 1 0 "V" 9360 "F" 0 0 408 0 0 0 0
"517" 68 0 0 1 0 "P" 0 "P" 0 0 0 0 0 60 0
"521" 34 1 0 1 2000 "V" 36000 "U" 0 0 96 200 0 0 0
"523" 60 0 0 1 0 "V" 37800 "F" 0 0 520 400 0 40 0
"524" 59 0 0 1 0 "P" 45000 "O" 8928 54464 1176 0 364 0 1
"525" 61 0 0 1 0 "P" 18900 "N" 0 0 0 200 0 0 0
"526" 68 0 0 1 0 "P" 13500 "P" 0 0 0 0 0 92 0
"527" 25 0 0 1 0 "P" 57258 "O" 43392 4 0 0 1464 0 0
"528" 68 0 0 1 0 "P" 8112 "P" 0 0 0 0 0 0 1
"531" 41 0 0 1 2500 "P" 16113 "U" 0 0 640 552 0 0 0
"533" 42 0 0 0 0 "P" 12000 "P" 0 0 0 0 0 0 1
"534" 61 0 0 1 0 "P" 27540 "O" 50464 0 984 0 160 0 0
"535" 39 2 0 1 15000 "W" 0 "O" 43392 4 0 0 0 80 1
"537" 64 0 0 1 0 "V" 30870 "P" 0 0 0 0 0 0 0
"538" 31 0 0 1 0 "V" 40500 "O" 14464 0 0 0 0 0 0
"539" 60 2 0 1 10000 "V" 18264 "O" 14464 0 348 0 340 0 1
"540" 66 0 0 1 0 "P" 13500 "P" 0 0 320 0 0 0 0
"541" 9 0 0 1 0 "R" 0 "O" 0 0 0 0 0 0 0
"542" 67 0 0 1 0 "T" 0 "P" 0 0 0 0 0 0 0
"543" 28 0 0 1 0 "P" 14400 "O" 62464 0 0 0 0 0 0
"544" 11 0 0 1 2910 "R" 20700 "O" 46464 4 0 0 448 0 0
"545" 47 1 0 1 0 "P" 27000 "U" 0 0 576 388 0 0 0
"546" 63 0 0 1 0 "V" 23460 "F" 0 0 800 200 0 0 0
"547" 65 0 0 1 0 "V" 16500 "P" 0 0 0 0 0 0 0
"548" 55 2 0 1 4320 "P" 21600 "O" 46464 46464 744 440 0 0 1
"549" 41 0 0 1 0 "V" 37620 "O" 928 33988 0 420 0 160 0
"550" 62 0 0 0 0 "V" 18033 "O" 54000 38000 296 0 56 80 0
"552" 35 0 0 1 2000 "P" 27000 "U" 0 0 400 0 120 0 0
"553" 62 0 0 1 0 "V" 32769 "O" 25464 22064 640 0 0 0 0
"554" 67 0 0 1 0 "P" 12300 "P" 0 0 0 0 0 0 0
"557" 27 0 0 1 768 "R" 0 "F" 0 0 184 0 0 0 1
"558" 42 1 0 1 0 "E" 25500 "O" 54464 57600 424 0 0 0 1
"559" 30 0 0 1 2800 "E" 14400 "O" 64000 32800 268 0 0 0 1
"561" 38 3 0 1 15000 "P" 5760 "O" 63392 34464 744 0 0 0 0
"562" 63 0 0 1 0 "V" 19500 "F" 0 0 0 0 0 0 0
"565" 32 0 0 1 0 "R" 16200 "P" 0 0 0 0 0 0 0
"566" 67 0 0 1 0 "P" 19347 "P" 0 0 0 0 0 0 0
"567" 68 0 0 1 0 "T" 5400 "P" 0 0 0 0 0 0 1
"568" 61 0 0 1 8200 "P" 36000 "O" 38464 26464 704 0 548 0 0
"570" 40 3 0 1 0 "V" 9014 "O" 9856 14464 0 0 0 0 0
"571" 47 2 0 1 0 "P" 19500 "U" 0 0 0 0 0 0 0
"572" 45 1 0 1 0 "V" 45600 "O" 3392 24928 1388 500 0 0 0
"575" 66 0 0 0 0 "T" 0 "N" 0 0 320 0 0 0 1
"576" 50 2 0 1 2200 "V" 45000 "O" 8928 7264 492 316 0 40 0
"577" 27 0 0 1 0 "R" 0 "O" 23392 4 0 200 0 0 1
"578" 64 0 0 1 0 "P" 22500 "N" 0 0 320 400 0 0 0
"579" 60 0 0 0 0 "V" 20100 "P" 0 0 480 216 0 0 0
"581" 48 2 1 1 0 "P" 14864 "O" 23392 26464 528 0 0 0 0
"582" 30 0 0 1 0 "V" 12000 "U" 0 0 0 0 0 0 0
"583" 46 2 0 1 0 "B" 36464 "O" 63392 34464 960 0 0 1200 0
"584" 60 0 0 0 0 "U" 14400 "P" 0 0 160 0 0 0 0
"585" 62 0 0 1 0 "P" 15000 "P" 0 0 0 0 0 0 0
"586" 68 0 0 1 0 "T" 0 "P" 0 0 0 0 0 0 0
"587" 29 0 0 1 2488 "P" 31500 "O" 28928 16000 320 500 0 80 0
"588" 42 0 0 1 0 "E" 30000 "O" 43392 22464 800 372 0 0 0
"589" 49 4 0 1 0 "W" 15660 "O" 18464 40000 340 0 0 0 0
"590" 46 2 0 1 2800 "P" 61500 "O" 48928 40000 320 0 0 400 0
"591" 54 0 0 1 0 "E" 60000 "U" 0 0 408 0 0 0 0
"592" 65 0 0 0 0 "V" 18000 "U" 0 0 288 0 0 0 0
"595" 60 0 0 1 0 "B" 25500 "F" 0 0 520 0 0 0 1
"597" 67 0 0 1 0 "V" 12537 "P" 0 0 400 0 0 0 0
"598" 35 1 0 1 7367 "P" 18087 "U" 0 0 0 0 0 0 0
"600" 49 4 0 1 1500 "P" 30000 "O" 43392 14464 0 0 0 0 0
"601" 63 0 0 1 0 "P" 21000 "P" 0 0 640 0 0 0 0
"602" 11 0 0 1 0 "R" 0 "O" 12928 4 0 0 0 0 1
"603" 42 0 0 1 0 "V" 19092 "O" 0 0 0 216 0 0 0
"604" 29 0 0 1 11649 "P" 45000 "O" 28928 26000 820 300 0 0 0
"605" 69 0 0 1 0 "T" 0 "P" 0 0 0 0 0 0 1
"606" 54 3 0 1 0 "E" 37856 "O" 28032 4 0 0 0 0 0
"607" 18 0 0 1 2461 "R" 16131 "O" 46464 4 0 0 0 0 0
"608" 57 1 1 1 0 "P" 27000 "U" 0 0 520 0 0 0 0
"609" 49 0 0 1 0 "V" 46500 "O" 54464 10464 640 0 0 0 0
"610" 18 2 0 1 0 "R" 0 "O" 17856 0 0 0 0 0 0
"611" 46 0 0 1 0 "E" 43200 "O" 54464 24000 340 0 0 0 0
"612" 62 1 0 1 0 "E" 9360 "O" 0 0 0 0 0 0 1
"613" 64 0 0 1 0 "P" 0 "P" 0 0 0 0 0 0 0
"614" 27 0 0 1 0 "P" 20700 "O" 46464 11000 192 236 0 0 0
"616" 55 0 0 1 0 "V" 43632 "O" 2928 34464 684 0 328 300 0
"617" 40 0 0 1 30000 "W" 0 "O" 32320 54464 0 0 0 0 0
"618" 37 0 0 1 0 "P" 54464 "O" 6784 4 0 0 0 0 0
"621" 64 0 0 1 0 "B" 19290 "P" 0 0 0 0 32 0 0
"622" 58 2 0 1 0 "W" 0 "U" 0 0 0 0 0 0 1
"623" 30 1 0 1 300 "P" 27000 "O" 13568 20000 200 0 0 240 1
"624" 67 0 0 1 0 "P" 6024 "P" 16000 6000 0 0 0 0 1
"625" 40 1 0 1 5227 "P" 11733 "U" 0 0 280 184 76 0 0
"626" 22 0 0 1 2200 "E" 58500 "O" 56928 36 0 0 0 0 1
"627" 63 0 0 1 0 "P" 14820 "P" 0 0 320 140 0 0 1
"629" 29 0 0 1 0 "V" 15000 "O" 61248 54464 0 0 0 0 0
"631" 56 2 1 1 0 "E" 36000 "O" 28464 2464 588 108 0 0 1
"632" 46 1 0 1 5000 "W" 5850 "U" 0 0 0 0 0 0 0
"633" 64 0 0 1 0 "E" 0 "P" 0 0 0 0 400 0 1
"635" 55 0 0 1 0 "P" 46562 "F" 0 0 0 0 0 0 0
"637" 68 0 0 1 0 "P" 7200 "P" 0 0 80 0 0 0 1
"639" 69 0 0 1 0 "P" 7488 "P" 0 0 0 0 0 0 0
"640" 63 0 0 1 0 "V" 18000 "P" 0 0 0 0 0 0 0
"642" 52 0 0 1 7000 "P" 39000 "O" 57856 4928 1000 560 360 180 0
"643" 59 0 0 0 0 "M" 30000 "O" 60464 0 480 428 0 0 0
"644" 34 0 0 1 9000 "P" 24000 "U" 0 0 468 400 0 0 0
"645" 58 0 0 1 9600 "W" 0 "O" 46464 12464 604 0 0 0 0
"646" 68 0 0 1 0 "V" 15900 "P" 0 0 0 0 0 0 0
"647" 42 0 1 1 12000 "M" 7964 "U" 0 0 800 0 0 0 0
"648" 51 3 0 1 0 "P" 51000 "O" 12320 4928 1108 0 0 0 0
"649" 38 0 0 1 5600 "V" 42000 "O" 20928 4 0 0 0 0 0
"652" 14 0 0 1 0 "R" 0 "U" 0 0 584 0 0 0 1
"655" 18 0 0 0 0 "R" 0 "O" 14464 4 0 0 0 0 1
"656" 62 0 0 1 0 "P" 21000 "P" 0 0 0 0 0 0 0
"657" 8 0 0 1 0 "R" 0 "U" 0 0 0 0 0 0 1
"658" 60 0 0 1 0 "T" 0 "P" 0 0 0 0 0 0 1
"659" 61 2 0 1 0 "P" 16500 "N" 0 0 0 0 0 0 1
"660" 66 0 0 1 0 "T" 6000 "P" 0 0 160 0 0 0 0
"661" 18 0 0 1 2000 "R" 24000 "O" 3392 0 0 0 0 0 0
"662" 62 1 0 1 0 "P" 19500 "F" 0 0 388 0 0 0 0
"663" 64 0 0 0 0 "P" 20100 "F" 0 0 480 0 0 0 1
"664" 40 2 0 1 0 "V" 64800 "O" 17856 48000 368 0 0 0 1
"665" 65 0 0 1 0 "T" 5538 "P" 0 0 400 0 0 0 0
"666" 66 0 0 0 0 "P" 13800 "F" 0 0 272 0 0 32 0
"667" 61 0 0 1 0 "P" 33000 "O" 38464 24064 764 0 0 60 0
"668" 42 1 0 1 7000 "E" 9000 "O" 20928 22464 880 0 0 0 1
"669" 28 0 0 1 0 "R" 0 "N" 0 0 0 0 0 0 0
"670" 56 0 0 1 0 "P" 24900 "U" 0 0 0 0 552 0 0
"671" 55 0 0 1 0 "P" 29700 "F" 0 0 260 0 0 0 0
"672" 22 0 0 1 0 "R" 45000 "O" 3392 9600 1240 0 0 160 0
"673" 41 1 0 1 0 "E" 0 "U" 0 0 368 0 0 0 1
"674" 51 2 0 1 2000 "P" 24000 "O" 8928 40000 368 200 0 0 1
"675" 55 1 0 1 0 "E" 9464 "O" 63392 23392 1400 0 0 0 1
"677" 42 0 0 1 1230 "P" 39000 "O" 54464 40000 0 0 0 0 1
"678" 62 0 0 1 8725 "V" 27969 "O" 26464 21864 688 320 0 260 0
"679" 61 0 0 1 2000 "P" 45000 "O" 62464 46464 840 0 580 0 0
"680" 43 3 0 1 1872 "P" 21000 "U" 0 0 388 0 100 0 1
"681" 58 2 0 1 0 "B" 45000 "O" 17856 52464 800 0 0 0 0
"682" 42 3 0 1 1680 "B" 24000 "O" 3392 46000 292 0 0 0 1
"683" 66 0 0 1 0 "E" 0 "P" 0 0 0 0 0 0 0
"685" 62 0 0 1 0 "P" 15000 "P" 0 0 340 0 0 0 0
"686" 56 0 0 1 0 "E" 18000 "P" 0 0 0 0 0 0 1
"687" 41 2 0 1 0 "P" 27000 "U" 0 0 580 100 56 0 0
"688" 63 0 0 1 0 "E" 15000 "P" 0 0 240 0 0 200 0
"689" 66 0 0 1 0 "P" 17010 "P" 0 0 0 0 0 120 0
"690" 64 0 0 1 0 "P" 24300 "P" 0 0 200 160 0 0 1
"691" 52 0 0 1 11500 "V" 36000 "O" 60464 60464 0 480 776 0 0
"692" 43 2 0 1 0 "P" 57000 "O" 48928 44000 320 620 0 320 0
"693" 10 1 0 1 0 "R" 22500 "O" 6928 4 0 0 0 0 0
"694" 67 0 0 1 0 "P" 13800 "P" 0 0 480 116 0 0 1
"695" 61 0 0 1 0 "P" 19500 "P" 0 0 400 0 0 0 0
"696" 59 0 0 1 0 "P" 9464 "F" 0 0 0 0 0 0 0
"699" 3 0 0 1 0 "R" 0 "O" 28928 4 0 0 0 0 1
"701" 23 0 0 1 0 "P" 60000 "N" 0 0 0 0 0 0 0
"702" 62 2 0 1 0 "E" 20160 "O" 34464 32464 720 0 0 0 1
"703" 67 0 0 1 0 "T" 5400 "P" 0 0 0 0 0 0 1
"704" 58 0 0 1 10300 "P" 54000 "O" 63392 18464 560 560 0 0 0
"705" 27 0 0 1 10192 "W" 0 "O" 8928 4 0 0 0 0 1
"706" 57 1 0 0 4500 "P" 22500 "U" 0 0 320 56 0 0 0
"709" 63 0 0 1 0 "P" 31500 "O" 44464 39464 840 0 0 0 0
"711" 15 0 0 1 0 "R" 39000 "O" 48928 4 0 0 0 0 1
"712" 69 0 0 1 0 "T" 0 "P" 0 0 0 0 0 0 0
"713" 52 2 0 1 0 "P" 50256 "O" 30464 0 540 200 0 0 0
"714" 64 0 0 1 0 "V" 19818 "F" 0 0 280 0 0 0 0
"715" 50 0 0 1 0 "V" 15588 "O" 0 0 0 0 0 0 0
"716" 42 1 0 1 20000 "W" 0 "N" 0 0 0 0 0 0 0
"717" 49 2 0 1 2300 "E" 36000 "O" 8928 48000 348 680 0 0 0
"719" 62 2 0 0 8500 "V" 24000 "U" 0 0 380 0 0 0 0
"720" 63 0 0 1 7000 "E" 36000 "O" 22464 2464 320 0 0 0 0
"722" 12 0 0 1 0 "R" 0 "O" 54464 4 0 0 0 0 1
"724" 48 3 0 1 0 "P" 9464 "F" 0 0 1000 0 0 0 0
"725" 19 0 1 1 0 "R" 0 "O" 0 0 0 0 0 0 0
"726" 59 0 0 1 13000 "P" 25500 "O" 30464 0 680 0 0 400 0
"727" 24 0 0 1 0 "V" 10311 "U" 0 0 448 0 0 0 0
"728" 65 0 0 1 0 "P" 18000 "F" 0 0 0 0 0 800 0
"729" 47 0 0 1 0 "V" 14976 "O" 0 0 0 320 0 0 0
"730" 67 0 0 1 0 "P" 12000 "P" 0 0 160 200 0 0 0
"731" 34 0 0 1 0 "P" 0 "O" 4464 0 180 0 0 0 1
"732" 60 0 0 1 6500 "V" 24000 "O" 0 0 468 240 0 0 1
"733" 40 1 0 1 0 "E" 37440 "O" 54464 34464 760 436 312 0 1
"734" 69 0 0 1 0 "T" 5400 "P" 0 0 0 0 0 0 1
"735" 18 0 0 1 0 "R" 0 "U" 0 0 192 0 0 0 1
"736" 51 2 0 1 2000 "P" 30000 "O" 8928 38464 740 160 120 20 0
"737" 59 0 0 1 0 "P" 18300 "O" 22464 22464 568 0 0 0 1
"738" 62 0 0 1 0 "P" 30000 "P" 0 0 0 0 0 0 0
"739" 36 0 0 1 0 "V" 40392 "O" 12320 0 1760 372 76 280 0
"740" 67 0 0 1 0 "P" 18756 "F" 0 0 440 0 0 0 0
"741" 64 0 0 1 0 "V" 22500 "F" 0 0 480 0 0 0 0
"742" 53 3 0 1 10000 "P" 13500 "O" 54464 26464 640 700 0 0 0
"744" 39 0 0 1 0 "V" 23232 "U" 0 0 412 0 0 0 0
"745" 47 2 0 0 3000 "P" 42000 "O" 14464 26000 244 0 200 0 0
"746" 64 0 0 0 0 "P" 21000 "F" 0 0 424 0 0 0 0
"747" 19 0 0 1 0 "R" 0 "U" 0 0 68 0 0 0 0
"748" 41 5 0 1 0 "N" 60000 "O" 0 0 0 0 0 0 0
"749" 99 2 0 1 11070 "P" 36000 "O" 35392 28928 1576 0 0 1600 0
"750" 30 0 0 1 0 "P" 13800 "O" 17856 0 0 0 0 0 0
"751" 54 2 0 1 0 "W" 0 "U" 0 0 0 0 0 0 1
"753" 59 0 0 1 17000 "V" 21000 "O" 28928 0 0 0 0 0 1
"754" 52 0 0 1 0 "P" 28575 "O" 48464 0 800 0 0 200 0
"755" 59 0 0 1 0 "P" 25350 "P" 0 0 0 0 0 0 0
"757" 39 1 0 1 2000 "P" 54000 "O" 37856 40000 480 0 0 0 0
"758" 18 0 0 0 0 "R" 8742 "U" 0 0 380 0 0 120 0
"760" 43 1 1 1 0 "V" 51000 "O" 23392 4 0 440 120 0 0
"761" 50 2 0 1 0 "E" 36000 "O" 48928 0 0 0 0 0 0
"762" 33 0 0 1 0 "R" 18000 "U" 0 0 248 0 0 0 0
"763" 67 0 0 1 0 "P" 12516 "P" 0 0 0 0 0 0 0
"764" 69 0 0 0 0 "P" 13500 "O" 38464 4 0 0 0 0 1
"765" 62 1 0 1 0 "V" 36600 "U" 28928 0 0 428 80 80 0
"768" 31 0 0 1 2704 "P" 18204 "U" 0 0 424 0 408 0 1
"769" 48 0 0 1 0 "P" 35271 "O" 54464 52000 380 0 0 0 1
"770" 51 0 0 1 0 "M" 45000 "O" 51392 28928 1888 0 0 0 0
"772" 26 2 0 1 10000 "W" 0 "O" 21856 4 0 0 0 0 1
"773" 33 0 0 1 0 "P" 15990 "U" 0 0 0 0 0 0 1
"775" 68 0 0 0 6000 "V" 18000 "F" 0 0 600 0 160 0 1
"776" 69 0 0 1 0 "T" 0 "P" 0 0 0 0 0 0 0
"777" 66 0 0 1 0 "P" 11232 "P" 0 0 0 0 0 0 0
"778" 99 0 0 0 0 "Z" 0 "N" 0 0 0 0 0 0 1
"779" 64 0 0 1 0 "T" 0 "F" 0 0 1000 0 0 0 1
"780" 34 2 0 1 0 "E" 11520 "O" 14464 4 0 0 0 0 1
"784" 34 0 0 1 0 "Z" 0 "N" 0 0 0 0 0 0 1
"785" 60 0 0 0 6000 "N" 18000 "O" 48928 4 0 0 0 0 0
"787" 68 0 0 1 0 "P" 15000 "P" 0 0 0 640 0 0 0
"788" 68 0 0 1 0 "T" 0 "F" 0 0 120 0 0 0 0
"790" 24 0 0 1 0 "R" 60000 "N" 32320 4 0 0 0 0 1
"792" 12 0 0 1 0 "R" 0 "O" 14464 4 0 0 0 0 1
"795" 62 0 0 1 0 "P" 12000 "P" 0 0 0 48 60 0 0
"796" 68 0 0 1 0 "T" 0 "P" 0 0 0 0 0 0 0
"797" 46 0 0 1 7000 "E" 15000 "O" 8928 30464 672 0 0 40 0
"798" 46 3 0 1 1900 "V" 34500 "U" 0 0 0 744 0 120 1
"799" 14 0 0 1 0 "R" 0 "O" 0 0 0 0 0 0 0
"800" 33 0 0 1 5045 "E" 0 "U" 0 0 440 436 0 0 0
"801" 40 3 0 1 7500 "V" 37500 "O" 3392 34464 0 0 0 0 1
"802" 9 0 0 0 0 "R" 0 "O" 43392 4 0 0 0 0 1
"803" 52 2 0 1 2500 "P" 22500 "O" 928 6464 536 160 0 0 0
"808" 64 0 0 1 0 "V" 24327 "P" 0 0 320 0 0 0 0
"809" 66 0 0 1 0 "U" 0 "P" 46784 0 0 224 0 80 1
"811" 69 0 0 1 0 "T" 0 "P" 0 0 0 0 0 0 0
"813" 52 2 0 1 1955 "P" 33000 "O" 8928 22464 580 316 40 48 0
"814" 99 0 0 1 0 "R" 0 "U" 0 0 0 0 0 0 1
"818" 67 0 0 1 0 "T" 0 "N" 0 0 0 0 0 0 0
"819" 39 3 0 1 0 "V" 43500 "O" 28928 8000 400 240 0 0 1
"820" 26 0 0 1 2700 "R" 60150 "O" 48928 4 0 0 0 0 0
"821" 57 0 0 1 0 "P" 52353 "P" 0 0 0 0 0 0 0
"822" 68 0 0 0 0 "P" 13416 "P" 0 0 0 0 0 0 1
"823" 60 0 0 0 0 "P" 42825 "F" 0 0 800 0 0 0 0
"824" 49 1 1 1 0 "W" 0 "U" 0 0 0 0 0 0 0
"826" 46 1 0 1 0 "P" 18928 "O" 44640 50464 800 0 0 1000 0
"829" 39 0 0 1 15900 "V" 16500 "O" 23392 48000 624 880 0 0 1
"830" 29 0 0 1 1700 "E" 30000 "O" 54464 56000 432 0 0 0 0
"834" 51 3 0 0 0 "P" 25641 "N" 0 0 88 0 0 0 1
"835" 22 0 0 1 0 "R" 17100 "O" 0 0 0 0 0 0 1
"836" 41 0 2 1 0 "V" 33000 "O" 0 0 0 0 0 0 1
"837" 61 1 0 1 6500 "V" 37200 "O" 37856 56928 1760 512 0 0 0
"839" 66 0 0 1 0 "P" 13260 "P" 0 0 240 0 0 120 0
"840" 59 3 0 1 0 "P" 24000 "U" 0 0 0 0 0 0 1
"841" 52 0 0 1 0 "V" 42300 "O" 57856 54464 872 512 0 0 0
"842" 52 2 0 1 0 "P" 51690 "O" 34464 43600 296 1480 0 60 0
"843" 39 1 0 1 50000 "W" 24464 "O" 23744 16800 0 0 0 1200 0
"844" 69 0 0 1 0 "T" 0 "P" 0 0 400 0 0 0 1
"845" 69 0 0 1 0 "T" 6570 "P" 0 0 308 0 0 0 0
"846" 60 1 0 1 0 "P" 30900 "O" 50464 31164 760 0 0 0 0
"847" 58 0 0 1 0 "P" 45000 "O" 37856 14464 700 0 0 0 0
"849" 55 0 0 1 0 "V" 18900 "O" 22464 48000 440 324 0 0 0
"851" 52 1 0 1 0 "P" 9464 "O" 43392 28928 1600 0 0 0 0
"852" 58 2 0 1 0 "E" 18000 "P" 0 0 0 0 0 0 1
"853" 30 0 0 1 4670 "P" 27000 "O" 0 0 0 0 368 0 0
"854" 69 0 0 1 0 "T" 0 "P" 0 0 0 0 0 0 0
"855" 55 0 0 1 10800 "V" 14832 "O" 46464 14464 648 156 360 0 0
"856" 57 0 0 1 0 "P" 18928 "O" 15712 23392 1680 0 0 120 0
"857" 46 0 0 1 0 "P" 30000 "O" 23392 60000 720 0 0 0 1
"859" 56 0 0 1 0 "P" 0 "U" 0 0 480 560 0 0 0
"861" 69 0 0 0 0 "T" 0 "F" 0 0 520 0 0 0 1
"863" 57 2 0 1 0 "P" 16848 "P" 0 0 400 0 0 0 0
"865" 67 0 0 0 0 "M" 24000 "N" 0 0 0 332 0 0 0
"867" 64 0 0 1 0 "V" 22500 "P" 0 0 200 0 0 0 0
"868" 67 0 0 1 0 "P" 19500 "P" 0 0 0 0 384 0 0
"869" 53 0 0 1 0 "E" 17400 "F" 0 0 320 0 0 0 0
"871" 68 1 0 1 0 "T" 0 "P" 0 0 164 0 0 0 0
"872" 67 0 0 1 0 "P" 14892 "P" 0 0 0 0 0 0 1
"874" 59 0 0 1 0 "V" 35400 "O" 26464 60000 520 468 0 0 0
"875" 46 4 0 1 5600 "P" 42000 "O" 28928 56000 440 0 0 0 0
"876" 30 2 0 1 0 "R" 9464 "O" 13568 61248 0 5200 0 0 0
"879" 69 0 0 1 0 "T" 0 "P" 0 0 720 0 0 0 1
"881" 58 0 0 1 0 "P" 10500 "O" 42464 6464 672 40 0 0 0
"883" 52 2 0 1 0 "P" 33000 "U" 0 0 476 240 0 0 1
"885" 68 0 0 1 0 "T" 0 "P" 0 0 280 0 0 0 1
"886" 53 0 0 0 0 "P" 45000 "N" 0 0 0 0 0 0 0
"887" 13 0 2 1 5200 "R" 33000 "O" 54464 4 0 0 0 80 1
"888" 50 2 0 1 34000 "V" 54000 "O" 64640 23392 1800 800 0 2800 0
"889" 68 0 0 0 0 "B" 17247 "U" 0 0 332 224 0 0 0
"891" 69 0 0 1 0 "T" 0 "P" 0 0 0 0 0 0 1
"892" 52 1 0 1 0 "P" 0 "N" 0 0 0 0 0 0 1
"893" 41 0 0 1 0 "E" 42000 "O" 16960 3392 0 0 0 0 0
"894" 55 0 0 1 0 "E" 21000 "O" 6464 50800 340 0 0 0 0
"895" 40 0 0 1 10000 "V" 30000 "O" 60928 56000 412 0 0 400 0
"897" 19 0 0 1 0 "R" 0 "U" 0 0 0 0 0 0 1
"899" 58 0 0 1 0 "T" 0 "F" 0 0 1200 0 0 0 1
"901" 59 0 0 1 0 "E" 48000 "O" 46464 14464 760 0 0 0 0
"902" 26 0 0 1 0 "R" 13014 "O" 18464 3000 100 0 0 0 0
"903" 50 2 0 1 2500 "P" 42000 "O" 36928 34464 880 208 0 28 0
"905" 56 1 0 1 0 "B" 52500 "O" 28928 26464 1120 0 0 0 0
"907" 68 0 0 1 0 "T" 0 "P" 0 0 340 0 0 0 0
"910" 51 2 0 1 0 "P" 0 "O" 0 0 0 0 0 0 1
"912" 40 0 0 0 0 "U" 0 "O" 28928 4 0 0 0 0 0
"913" 59 0 0 1 0 "T" 0 "P" 0 0 0 0 0 0 1
"914" 64 0 0 1 0 "T" 0 "P" 0 0 0 0 0 0 0
"915" 10 2 0 1 0 "R" 0 "U" 0 0 0 0 0 0 1
"916" 64 0 0 1 0 "P" 28500 "P" 0 0 400 0 0 0 0
"917" 26 0 0 1 2640 "R" 14400 "O" 0 0 0 0 0 0 1
"918" 63 0 0 1 0 "P" 12366 "P" 20928 16000 160 0 0 0 0
"919" 52 4 0 1 0 "P" 24464 "O" 17856 7392 2076 500 0 0 1
"920" 69 0 0 0 0 "P" 10140 "P" 0 0 160 0 0 0 0
"921" 65 0 0 1 0 "P" 17250 "F" 0 0 400 0 0 0 0
"922" 66 0 0 0 0 "P" 16200 "O" 64000 63000 424 0 88 0 1
"923" 59 0 0 1 0 "E" 30000 "P" 0 0 120 0 0 0 0
"924" 59 0 0 1 16000 "P" 27000 "O" 23392 8928 0 0 0 80 0
"925" 66 0 0 1 0 "V" 18927 "P" 0 0 0 0 0 20 0
"926" 30 0 0 1 2000 "B" 24000 "O" 9264 44000 300 540 0 0 1
"927" 63 2 1 1 0 "M" 0 "U" 0 0 520 0 0 80 1
"928" 65 0 0 1 0 "T" 0 "P" 0 0 0 0 0 0 0
"930" 64 0 0 1 0 "V" 21900 "P" 0 0 0 0 0 120 1
"931" 66 0 0 1 0 "P" 22005 "F" 0 0 360 280 0 0 0
"932" 60 0 0 1 0 "T" 13860 "F" 0 0 600 0 0 0 0
"933" 67 0 0 1 0 "P" 16500 "P" 0 0 0 0 0 0 0
"934" 63 0 0 0 0 "P" 18000 "F" 0 0 280 0 64 0 1
"935" 64 0 0 1 0 "T" 0 "F" 0 0 400 0 0 0 0
"936" 68 0 0 1 0 "T" 9000 "P" 0 0 0 0 0 0 0
"940" 54 2 1 1 0 "P" 31200 "U" 0 0 320 0 0 0 0
"941" 55 0 0 1 0 "B" 27000 "O" 34464 0 0 0 0 0 1
"942" 68 0 0 1 0 "P" 0 "P" 0 0 0 0 0 0 0
"943" 59 0 0 1 0 "E" 18928 "O" 15792 0 0 0 0 0 0
"944" 29 0 0 1 0 "V" 15600 "O" 26464 4 0 0 0 0 1
"945" 58 0 0 1 0 "E" 30000 "P" 0 0 0 0 0 0 0
"946" 54 0 0 1 0 "P" 21687 "O" 28928 4928 980 0 0 200 0
"947" 47 3 0 0 16000 "V" 7200 "O" 31392 52928 1720 680 48 0 1
"949" 11 0 0 1 0 "Z" 0 "N" 0 0 0 0 0 0 1
"950" 62 1 0 1 536 "V" 40434 "O" 16928 4928 980 0 0 0 0
"952" 46 4 0 1 0 "E" 30000 "O" 0 0 0 0 0 0 0
"953" 56 2 1 1 0 "V" 37500 "U" 0 0 256 300 0 0 1
"954" 55 0 0 1 5799 "V" 26145 "O" 46464 10464 536 1080 0 0 1
"955" 65 0 0 1 0 "T" 8580 "F" 0 0 560 0 0 0 0
"957" 69 0 0 1 0 "T" 0 "P" 0 0 0 0 0 0 1
"959" 65 0 0 1 0 "P" 18750 "F" 0 0 0 0 0 0 0
"961" 65 0 0 0 0 "T" 0 "N" 0 0 0 0 0 0 1
"962" 65 0 0 1 0 "P" 22257 "P" 0 0 200 0 0 0 0
"963" 44 2 0 1 0 "P" 45000 "O" 0 0 1000 0 0 0 0
"965" 57 0 0 0 0 "P" 21000 "O" 48928 46464 700 0 0 0 0
"966" 19 0 0 1 0 "R" 0 "U" 0 0 360 0 0 0 1
"967" 45 2 0 1 0 "P" 39464 "O" 21248 928 1360 336 0 0 0
"968" 59 0 0 1 0 "P" 28500 "P" 0 0 0 0 0 0 0
"969" 18 0 0 1 0 "R" 9630 "U" 0 0 432 0 0 0 0
"970" 27 0 0 1 0 "E" 3464 "O" 21248 24000 640 0 0 0 0
"973" 69 0 0 1 0 "T" 0 "F" 0 0 520 0 0 0 1
"974" 53 2 0 1 5000 "E" 22500 "U" 0 0 400 392 80 120 0
"975" 67 0 0 1 0 "P" 10500 "P" 0 0 0 0 0 0 0
"976" 66 0 0 0 0 "T" 0 "P" 0 0 0 0 0 0 0
"977" 68 0 0 0 0 "T" 0 "N" 0 0 0 0 0 0 0
"978" 51 0 0 1 0 "P" 57000 "O" 64928 2464 504 0 0 0 0
"979" 68 0 0 1 0 "T" 0 "P" 0 0 0 0 0 0 1
"982" 58 0 0 1 0 "V" 22620 "P" 0 0 320 316 84 0 0
"983" 50 0 0 1 0 "V" 47400 "O" 3392 3392 1400 0 0 0 0
"984" 61 0 0 1 15000 "P" 13500 "U" 0 0 0 0 0 0 0
"985" 66 0 0 0 0 "T" 882 "F" 0 0 0 0 0 0 0
"987" 47 2 0 1 0 "E" 25200 "O" 52464 38464 824 0 160 0 0
"990" 50 2 0 0 0 "V" 12000 "F" 0 0 1000 0 0 0 1
"991" 68 0 0 1 0 "T" 6426 "F" 0 0 360 0 0 0 1
"992" 56 3 0 1 0 "P" 33000 "U" 0 0 520 0 28 0 1
"993" 8 0 0 1 0 "R" 0 "N" 0 0 0 0 0 0 1
"995" 65 0 0 1 0 "P" 25500 "P" 0 0 0 0 0 0 0
"996" 69 0 0 1 0 "T" 5916 "N" 0 0 0 0 0 0 1
"997" 67 1 0 0 0 "P" 21750 "U" 0 0 448 0 80 0 0
"998" 67 0 0 1 0 "T" 5100 "P" 0 0 0 0 0 0 0
"999" 62 0 0 0 0 "T" 6000 "F" 0 0 0 0 0 0 0
"1000" 43 2 0 1 0 "V" 21942 "O" 0 0 0 0 0 0 0
"1002" 60 3 0 0 0 "T" 13365 "P" 0 0 144 0 0 0 0
"1003" 63 0 0 1 0 "P" 36600 "P" 0 0 0 0 360 200 0
"1004" 22 0 0 1 0 "R" 0 "O" 37856 4 0 0 0 0 1
"1005" 19 0 0 1 0 "R" 7044 "F" 0 0 0 0 0 0 1
"1006" 32 0 1 1 5000 "P" 33000 "O" 20928 42464 784 228 0 0 1
"1008" 26 0 0 0 0 "R" 0 "N" 0 0 0 0 0 0 1
"1009" 39 4 1 1 0 "B" 44529 "O" 39392 14464 800 84 0 600 0
"1011" 64 0 0 1 11200 "V" 19800 "O" 38464 6464 0 0 0 400 0
"1012" 35 0 0 1 5200 "P" 26487 "O" 16928 25352 244 280 0 0 0
"1013" 62 0 0 1 0 "P" 0 "U" 0 0 0 188 176 0 0
"1015" 57 0 0 1 0 "P" 24000 "O" 34464 0 0 0 0 0 0
"1016" 55 2 0 1 3000 "E" 45000 "O" 50176 54464 864 0 0 1200 0
"1017" 32 0 0 1 0 "R" 22500 "O" 54784 0 0 0 0 0 0
"1018" 7 0 0 1 0 "R" 0 "O" 0 0 0 0 0 0 1
"1020" 62 0 0 1 0 "P" 60000 "F" 0 0 800 0 0 0 0
"1022" 18 0 0 1 14000 "R" 0 "O" 28928 4 0 0 0 0 1
"1023" 57 0 0 1 0 "E" 24000 "O" 0 0 0 0 0 0 1
"1024" 53 0 0 1 18000 "P" 24000 "O" 48928 28928 1464 336 64 0 1
"1025" 68 0 0 1 0 "T" 0 "U" 0 0 320 0 0 0 0
"1027" 52 2 0 1 7500 "W" 0 "O" 3392 14464 980 0 0 0 1
"1029" 51 2 0 1 7500 "P" 16590 "O" 14464 0 448 0 144 0 1
"1030" 25 0 0 1 0 "P" 36000 "O" 28928 4 0 0 0 0 1
"1031" 55 2 0 1 0 "V" 58500 "O" 22464 40000 320 720 0 0 0
"1032" 47 2 0 1 12000 "W" 0 "O" 44928 44928 520 0 0 0 0
"1033" 69 0 0 1 0 "T" 4326 "P" 0 0 0 0 0 0 0
"1034" 55 2 0 1 0 "V" 9000 "O" 18464 46000 300 0 0 0 0
"1035" 37 2 0 1 6000 "V" 39666 "O" 37856 4928 1284 636 0 0 0
"1036" 57 0 0 1 0 "P" 42000 "O" 62464 18464 1040 320 160 0 1
"1037" 27 0 0 1 0 "R" 12000 "O" 32320 4 0 0 0 0 1
"1038" 33 0 0 1 0 "P" 43500 "O" 28928 4 0 416 0 0 0
"1039" 26 0 0 1 0 "W" 0 "U" 0 0 368 0 0 0 1
"1041" 69 0 0 1 0 "T" 0 "P" 0 0 0 0 0 0 0
"1042" 69 0 0 0 0 "T" 0 "F" 0 0 448 0 0 0 1
"1044" 66 1 0 1 0 "P" 0 "F" 0 0 0 0 0 0 0
"1046" 36 2 0 1 0 "P" 60000 "O" 20928 54464 1520 0 0 0 0
"1048" 65 0 0 1 0 "U" 0 "P" 0 0 0 0 0 0 0
"1049" 38 0 0 1 0 "P" 24000 "N" 14464 4 0 608 0 0 1
"1054" 47 0 0 1 0 "B" 16662 "P" 0 0 0 0 0 0 1
"1056" 56 0 0 1 0 "E" 54000 "U" 0 0 320 0 0 0 0
"1059" 57 1 0 0 3640 "P" 29736 "O" 38464 38464 0 120 640 0 0
"1060" 50 4 0 1 0 "T" 21000 "F" 0 0 480 0 0 0 0
"1062" 49 2 0 1 9620 "P" 4680 "F" 0 0 0 0 0 0 1
"1063" 56 0 0 0 0 "V" 21750 "O" 60000 44000 440 0 0 120 0
"1064" 20 0 0 1 0 "R" 0 "U" 0 0 72 0 0 0 0
"1068" 43 2 0 1 0 "P" 24464 "O" 43392 14928 1120 760 0 200 0
"1069" 11 0 0 0 0 "R" 13500 "O" 0 0 0 0 0 0 0
"1070" 63 0 0 1 6000 "P" 25500 "U" 0 0 280 508 0 0 0
"1073" 66 0 0 0 0 "T" 0 "F" 0 0 480 0 0 0 0
"1075" 44 2 0 1 12800 "P" 44400 "O" 32928 22464 712 760 0 160 1
"1076" 68 0 0 1 0 "P" 12000 "P" 0 0 240 0 0 0 1
"1079" 33 1 0 1 8056 "V" 50484 "O" 23392 4 0 0 0 200 0
"1080" 44 1 0 1 0 "E" 30000 "O" 53248 6464 800 0 0 0 1
"1083" 69 0 0 0 0 "T" 0 "P" 0 0 0 0 0 0 0
"1084" 36 0 1 1 0 "P" 18928 "F" 0 0 0 1440 0 1200 0
"1085" 7 0 0 1 0 "R" 0 "O" 14464 4 0 0 0 0 0
"1086" 61 0 0 1 0 "P" 12960 "P" 0 0 0 0 0 0 0
"1087" 65 0 0 1 12000 "T" 0 "O" 0 0 640 604 0 80 0
"1088" 58 0 0 1 0 "P" 24000 "O" 28928 64000 680 0 0 0 1
"1089" 58 2 0 1 0 "P" 39000 "F" 0 0 280 0 44 0 0
"1090" 36 0 0 1 0 "P" 15000 "O" 14464 32000 532 0 0 0 0
"1091" 64 0 0 1 0 "T" 0 "P" 0 0 0 0 0 0 0
"1092" 68 0 0 1 0 "P" 17334 "P" 0 0 0 0 0 0 0
"1093" 62 1 0 0 5040 "M" 18000 "F" 0 0 172 288 0 60 0
"1095" 55 1 0 1 0 "P" 31980 "N" 0 0 0 0 0 300 0
"1096" 60 0 0 1 0 "V" 22500 "O" 22464 22464 600 0 0 0 1
"1097" 53 3 0 1 0 "P" 42000 "O" 8928 34464 720 360 0 80 0
"1099" 49 1 0 1 0 "P" 56100 "O" 32320 42464 400 420 0 0 0
"1100" 59 0 0 1 0 "P" 25620 "P" 0 0 0 0 0 0 0
"1101" 99 0 0 1 0 "Z" 21000 "N" 0 0 0 0 0 60 0
"1102" 21 1 0 1 20000 "W" 0 "O" 32320 4 0 0 0 0 0
"1104" 69 0 0 1 0 "V" 0 "P" 0 0 0 0 0 0 1
"1105" 64 0 0 1 0 "V" 20400 "U" 0 0 192 0 0 0 0
"1106" 53 2 0 1 1200 "P" 30000 "O" 54464 48000 528 0 0 0 0
"1110" 47 2 0 1 0 "P" 18900 "U" 0 0 0 0 0 0 0
"1111" 68 0 0 1 0 "P" 12960 "F" 0 0 480 36 0 0 0
"1112" 53 2 0 1 10000 "V" 9900 "U" 0 0 588 0 0 0 0
"1113" 68 0 0 1 0 "P" 10800 "P" 0 0 200 0 0 0 1
"1116" 40 1 0 1 10000 "E" 9464 "O" 3392 46464 1000 0 0 0 0
"1117" 41 0 0 1 0 "P" 29400 "U" 0 0 216 100 0 0 0
"1120" 58 0 0 0 0 "V" 7800 "U" 0 0 360 0 0 0 0
"1121" 61 0 0 1 0 "P" 0 "F" 0 0 0 0 0 0 1
"1122" 63 0 0 0 0 "P" 22800 "O" 6464 6464 584 120 0 0 1
"1123" 46 3 0 1 10500 "V" 30000 "O" 8928 34464 700 480 0 0 0
"1124" 57 0 0 1 0 "P" 49500 "O" 25392 6928 940 80 200 0 1
"1125" 68 0 0 1 0 "P" 13482 "P" 0 0 320 0 0 0 0
"1126" 63 0 0 1 0 "P" 25500 "U" 0 0 320 200 72 0 1
"1127" 54 0 0 1 0 "P" 10214 "O" 10176 52320 3800 700 0 0 1
"1128" 59 0 0 1 0 "T" 6000 "F" 0 0 480 0 0 0 1
"1129" 59 0 0 0 0 "U" 0 "N" 0 0 0 0 0 0 1
"1130" 56 2 0 1 0 "P" 37500 "O" 23392 26464 700 0 0 0 0
"1131" 54 2 0 1 3000 "V" 48600 "O" 46464 30464 624 264 0 0 0
"1135" 69 0 0 1 0 "T" 0 "O" 20928 4 0 0 0 200 0
"1136" 58 1 0 1 0 "V" 46944 "O" 48464 42464 720 100 392 0 0
"1138" 18 0 0 1 0 "R" 0 "N" 0 0 0 0 0 0 1
"1139" 67 0 0 1 0 "T" 4680 "F" 0 0 400 0 0 0 0
"1141" 31 0 0 1 0 "P" 0 "U" 0 0 416 0 0 0 0
"1144" 52 2 0 1 0 "P" 42000 "O" 52464 464 0 0 0 0 0
"1145" 29 2 0 1 0 "E" 0 "O" 0 0 0 0 0 0 1
"1146" 55 0 0 1 0 "P" 51000 "P" 0 0 0 0 544 80 0
"1147" 50 1 0 1 0 "P" 6000 "O" 58464 40000 288 0 0 0 1
"1148" 45 1 0 1 0 "P" 42000 "O" 61248 30464 880 0 0 0 1
"1152" 63 0 0 1 0 "P" 18720 "P" 0 0 80 0 0 0 0
"1153" 67 1 0 0 0 "B" 19500 "U" 0 0 356 168 144 0 0
"1155" 52 0 0 1 10200 "V" 36600 "O" 46464 0 684 240 400 40 0
"1158" 59 0 0 1 9500 "P" 15660 "O" 30464 46000 288 0 516 0 0
"1159" 42 1 0 1 0 "P" 30600 "O" 28928 54464 0 0 0 0 1
"1161" 48 3 0 1 0 "E" 0 "O" 0 0 0 0 0 0 1
"1162" 66 0 0 1 0 "T" 0 "F" 0 0 440 0 0 0 0
"1163" 69 0 0 1 0 "P" 9360 "P" 0 0 0 0 0 0 1
"1164" 39 0 0 1 1440 "V" 25500 "U" 0 0 108 320 0 0 0
"1165" 42 3 0 1 0 "Z" 0 "N" 0 0 0 0 0 0 0
"1166" 58 0 0 1 5000 "V" 31320 "F" 0 0 500 0 0 0 0
"1167" 59 1 0 0 0 "P" 18000 "U" 0 0 320 216 0 0 0
"1168" 54 2 0 0 1800 "B" 27600 "O" 52464 47964 776 0 0 0 1
"1170" 49 2 0 1 14700 "P" 18210 "O" 28928 22464 584 640 0 60 0
"1171" 69 0 0 1 0 "T" 4296 "P" 0 0 0 0 0 0 0
"1172" 69 0 0 1 0 "T" 12000 "P" 0 0 0 0 0 0 0
"1173" 38 0 0 1 0 "R" 16248 "U" 0 0 388 0 0 0 0
"1174" 28 3 0 1 15000 "V" 30000 "O" 11392 40000 760 0 0 0 1
"1175" 40 0 0 1 4353 "P" 5292 "N" 0 0 0 0 0 0 1
"1176" 57 0 0 1 0 "P" 30000 "O" 34464 32464 760 0 280 0 0
"1177" 57 1 0 1 0 "P" 30000 "O" 64000 52000 384 0 0 0 0
"1180" 48 2 0 1 0 "M" 39000 "O" 14464 0 240 160 0 0 0
"1182" 44 0 0 1 0 "P" 48000 "O" 48928 54464 1200 308 0 0 0
"1183" 53 0 0 1 0 "E" 928 "O" 43392 4 0 0 0 0 0
"1184" 57 1 0 1 11000 "V" 21741 "O" 928 40464 0 0 0 100 1
"1185" 44 1 0 1 8000 "W" 0 "U" 0 0 628 0 0 680 1
"1186" 39 3 0 1 3000 "E" 42000 "O" 20928 54464 1200 600 0 0 1
"1187" 68 0 0 1 0 "E" 12480 "U" 0 0 480 0 0 0 0
"1188" 45 1 0 0 0 "P" 0 "O" 57856 12928 0 200 0 0 0
"1189" 60 0 0 1 0 "P" 23850 "O" 28928 4 0 500 0 0 1
"1190" 65 0 0 1 0 "V" 27279 "F" 0 0 740 0 0 160 0
"1191" 40 0 0 1 6000 "V" 30000 "U" 0 0 384 0 0 0 0
"1192" 62 0 0 1 0 "W" 0 "U" 0 0 0 0 0 0 1
"1193" 65 0 0 1 0 "V" 15000 "P" 0 0 0 0 0 0 0
"1195" 55 2 0 1 0 "P" 18000 "O" 46464 0 0 684 300 0 1
"1196" 59 2 0 1 0 "V" 17889 "O" 4928 50464 0 0 0 0 1
"1198" 50 2 0 1 11100 "V" 49500 "O" 52192 27392 1740 472 0 36 0
"1199" 69 0 0 1 0 "P" 18000 "P" 0 0 0 472 0 0 0
"1201" 41 1 1 1 12400 "P" 52500 "O" 3392 24000 400 1600 0 0 0
"1202" 65 0 0 0 0 "M" 0 "F" 0 0 0 200 336 104 0
"1203" 61 0 0 1 0 "P" 18000 "F" 0 0 0 0 0 0 0
"1204" 57 0 0 1 11700 "P" 52500 "O" 46784 7392 2048 0 0 160 0
"1205" 52 0 0 1 0 "P" 60000 "O" 63392 54464 1900 0 0 0 0
"1206" 61 0 0 1 0 "P" 12480 "P" 0 0 0 0 0 0 1
"1207" 62 0 0 1 0 "E" 24000 "F" 0 0 400 0 0 0 0
"1208" 64 0 0 1 0 "P" 21240 "P" 0 0 320 0 0 0 0
"1209" 58 2 0 1 0 "P" 23400 "O" 20928 46464 400 0 68 76 0
"1210" 48 0 0 0 0 "P" 9000 "F" 0 0 320 28 0 0 0
"1212" 8 0 0 1 0 "R" 0 "U" 0 0 0 0 0 0 1
"1213" 46 0 0 0 0 "P" 51996 "O" 60800 38400 636 0 0 0 1
"1214" 58 0 0 1 0 "V" 21900 "F" 0 0 600 296 0 0 0
"1215" 64 1 0 1 0 "V" 24852 "O" 34464 20464 528 360 0 0 0
"1216" 64 0 0 1 0 "P" 52500 "P" 0 0 0 0 0 0 0
"1217" 20 0 1 1 1000 "R" 60000 "O" 6784 40000 744 0 0 0 1
"1218" 35 4 0 1 8000 "E" 6000 "O" 43392 6400 0 0 0 600 0
"1219" 22 0 0 1 0 "R" 0 "O" 14464 4 0 0 0 0 1
"1220" 61 0 0 1 2500 "E" 15000 "O" 60464 22000 416 880 0 0 0
"1221" 52 4 1 1 0 "V" 37764 "U" 0 0 0 340 0 0 0
"1222" 56 3 0 1 1200 "P" 31500 "O" 6928 46464 784 256 0 0 1
"1223" 60 0 0 1 0 "E" 46800 "O" 11392 928 1144 680 0 108 0
"1224" 20 0 0 1 0 "R" 0 "N" 0 0 0 0 0 0 1
"1225" 66 0 0 1 0 "T" 5538 "P" 0 0 492 0 0 0 0
